Μερφ 4:
	k	x	P
	0	0	0.000
	7	7	10.480
	14	7	14.973
	21	14	19.308
	28	21	22.636
	35	28	25.444
	42	35	27.922
	49	42	30.153
	56	49	32.209
	63	56	34.125
	70	56	35.981
	77	63	37.781
	84	70	39.477
	91	77	41.096
	98	84	42.644
	105	91	44.121
	112	91	45.551
	119	98	46.978
	126	105	48.358
	133	112	49.683
	140	119	50.977
	147	126	52.230
	154	133	53.448
	161	133	54.650
	168	140	55.833
	175	147	56.992
	182	154	58.124
	189	161	59.225
	196	168	60.309
	203	168	61.365
	210	175	62.420
	217	182	63.461
	224	189	64.476
	231	196	65.472
	238	203	66.455
	245	210	67.421
	252	210	68.379
	259	217	69.324
	266	224	70.258
	273	231	71.181
	280	238	72.083
	287	245	72.979
	294	245	73.865
	301	252	74.744
	308	259	75.606
	315	266	76.466
	322	273	77.306
	329	280	78.138
	336	287	78.964
	343	287	79.781
	350	294	80.593
	357	301	81.401
	364	308	82.192
	371	315	82.976
	378	322	83.751
	385	329	84.524
	392	329	85.295
	399	336	86.053
	406	343	86.803
	413	350	87.551
	420	357	88.288
	427	357	89.016
	434	364	89.743
	441	371	90.468
	448	378	91.187
	455	385	91.895
	462	392	92.597
	469	392	93.295
	476	399	93.992
	483	406	94.682
	490	413	95.366
	497	420	96.044
	504	427	96.718
	511	434	97.385
	518	441	98.049
	525	441	98.708
	532	448	99.365
	539	455	100.018
	546	462	100.667
	553	469	101.308
	560	476	101.950
	567	476	102.586
	574	483	103.218
	581	490	103.841
	588	497	104.471
	595	504	105.085
	602	511	105.703
	609	511	106.315
	616	518	106.926
	623	525	107.531
	630	532	108.134
	637	539	108.732
	644	546	109.331
	651	546	109.921
	658	553	110.508
	665	560	111.095
	672	567	111.680
	679	574	112.263
	686	581	112.841
	693	588	113.412
	700	595	113.984
	707	595	114.551
	714	602	115.114
	721	609	115.676
	728	616	116.241
	735	616	116.797
	742	623	117.351
	749	630	117.905
	756	637	118.458
	763	644	119.003
	770	651	119.546
	777	658	120.090
	784	665	120.626
	791	672	121.163
	798	679	121.696
	805	686	122.231
	812	686	122.763
	819	686	123.290
	826	693	123.812
	833	700	124.337
	840	707	124.861
	847	714	125.385
	854	721	125.899
	861	728	126.415
	868	735	126.928
	875	742	127.441
	882	749	127.946
	889	749	128.451
	896	756	128.955
	903	763	129.455
	910	770	129.958
	917	777	130.459
	924	777	130.959
	931	784	131.453
	938	791	131.948
	945	798	132.441
	952	805	132.930
	959	812	133.417
	966	819	133.903
	973	819	134.387
	980	833	134.869
	987	833	135.353
	994	840	135.832
	1001	847	136.309
	1008	854	136.778
	1015	861	137.258
	1022	868	137.726
	1029	875	138.195
	1036	882	138.664
	1043	882	139.132
	1050	889	139.599
	1057	889	140.062
	1064	903	140.525
	1071	903	140.988
	1078	910	141.448
	1085	917	141.908
	1092	917	142.362
	1099	931	142.814
	1106	938	143.271
	1113	945	143.725
	1120	945	144.179
	1127	952	144.629
	1134	952	145.074
	1141	966	145.518
	1148	973	145.966
	1155	980	146.412
	1162	980	146.857
	1169	987	147.296
	1176	994	147.734
	1183	1001	148.178
	1190	1001	148.614
	1197	1008	149.047
	1204	1015	149.482
	1211	1029	149.918
	1218	1029	150.354
	1225	1029	150.786
	1232	1043	151.213
	1239	1043	151.645
	1246	1050	152.072
	1253	1057	152.503
	1260	1064	152.927
	1267	1071	153.353
	1274	1078	153.776
	1281	1085	154.194
	1288	1092	154.613
	1295	1099	155.034
	1302	1099	155.451
	1309	1113	155.869
	1316	1113	156.286
	1323	1113	156.700
	1330	1127	157.113
	1337	1127	157.527
	1344	1134	157.940
	1351	1141	158.348
	1358	1148	158.756
	1365	1155	159.167
	1372	1162	159.576
	1379	1162	159.981
	1386	1176	160.386
	1393	1176	160.791
	1400	1190	161.192
	1407	1190	161.597
	1414	1197	161.996
	1421	1204	162.399
	1428	1204	162.798
	1435	1218	163.196
	1442	1218	163.595
	1449	1218	163.991
	1456	1232	164.385
	1463	1232	164.781
	1470	1239	165.176
	1477	1246	165.565
	1484	1253	165.959
	1491	1260	166.349
	1498	1267	166.742
	1505	1274	167.131
	1512	1274	167.519
	1519	1288	167.905
	1526	1288	168.293
	1533	1295	168.679
	1540	1302	169.063
	1547	1309	169.446
	1554	1316	169.831
	1561	1316	170.212
	1568	1330	170.593
	1575	1330	170.974
	1582	1337	171.353
	1589	1344	171.732
	1596	1344	172.108
	1603	1344	172.484
	1610	1358	172.859
	1617	1372	173.236
	1624	1372	173.612
	1631	1372	173.988
	1638	1379	174.359
	1645	1386	174.732
	1652	1393	175.105
	1659	1400	175.473
	1666	1407	175.842
	1673	1414	176.212
	1680	1421	176.581
	1687	1428	176.951
	1694	1435	177.314
	1701	1442	177.679
	1708	1449	178.049
	1715	1449	178.411
	1722	1449	178.775
	1729	1470	179.136
	1736	1470	179.498
	1743	1470	179.862
	1750	1477	180.220


Μερφ 3:
	k	x	P
	0	0	0.000
	7	7	16.648
	14	7	27.569
	21	14	34.500
	28	21	40.334
	35	21	45.462
	42	28	50.146
	49	35	54.233
	56	42	58.000
	63	42	61.554
	70	49	64.887
	77	56	68.035
	84	63	71.008
	91	63	73.891
	98	70	76.664
	105	77	79.340
	112	77	81.956
	119	84	84.505
	126	91	86.943
	133	91	89.309
	140	98	91.640
	147	105	93.898
	154	112	96.074
	161	112	98.216
	168	119	100.320
	175	126	102.382
	182	126	104.411
	189	133	106.411
	196	140	108.355
	203	147	110.263
	210	147	112.143
	217	154	113.992
	224	161	115.802
	231	168	117.577
	238	168	119.341
	245	175	121.075
	252	182	122.785
	259	182	124.485
	266	189	126.154
	273	196	127.792
	280	203	129.412
	287	203	131.011
	294	210	132.591
	301	217	134.147
	308	217	135.684
	315	224	137.212
	322	231	138.728
	329	231	140.226
	336	238	141.705
	343	245	143.172
	350	252	144.612
	357	252	146.046
	364	259	147.460
	371	266	148.865
	378	266	150.251
	385	273	151.628
	392	280	152.993
	399	280	154.349
	406	287	155.699
	413	294	157.032
	420	301	158.357
	427	301	159.656
	434	308	160.950
	441	315	162.237
	448	315	163.518
	455	322	164.787
	462	329	166.053
	469	336	167.296
	476	336	168.531
	483	343	169.763
	490	350	170.984
	497	350	172.194
	504	357	173.397
	511	364	174.588
	518	371	175.776
	525	371	176.953
	532	378	178.127
	539	385	179.289
	546	392	180.444
	553	399	181.592
	560	399	182.730
	567	406	183.859
	574	406	184.983
	581	413	186.101
	588	420	187.212
	595	420	188.320
	602	427	189.424
	609	434	190.517
	616	441	191.605
	623	441	192.685
	630	448	193.760
	637	455	194.831
	644	462	195.893
	651	462	196.950
	658	469	197.998
	665	476	199.046
	672	476	200.092
	679	483	201.129
	686	483	202.155
	693	497	203.186
	700	497	204.202
	707	497	205.210
	714	511	206.219
	721	511	207.222
	728	518	208.222
	735	525	209.217
	742	525	210.206
	749	532	211.192
	756	539	212.172
	763	546	213.150
	770	546	214.120
	777	546	215.085
	784	560	216.044
	791	560	217.002
	798	567	217.957
	805	574	218.909
	812	581	219.854
	819	581	220.797
	826	588	221.732
	833	595	222.668
	840	595	223.598
	847	602	224.521
	854	616	225.440
	861	616	226.362
	868	616	227.278
	875	616	228.191
	882	623	229.096
	889	630	230.001
	896	637	230.901
	903	644	231.795
	910	651	232.689
	917	658	233.578
	924	658	234.458
	931	658	235.342
	938	665	236.219
	945	672	237.097
	952	679	237.969
	959	686	238.843
	966	686	239.709
	973	686	240.568
	980	700	241.426
	987	707	242.282
	994	714	243.139
	1001	714	243.993
	1008	714	244.839
	1015	714	245.683
	1022	721	246.524
	1029	728	247.366
	1036	735	248.205
	1043	742	249.043
	1050	749	249.872
	1057	756	250.699
	1064	756	251.521
	1071	770	252.342
	1078	777	253.161
	1085	770	253.979
	1092	777	254.795
	1099	784	255.604
	1106	791	256.412
	1113	798	257.218
	1120	791	258.020
	1127	798	258.827
	1134	805	259.626
	1141	812	260.422
	1148	819	261.215
	1155	819	262.007
	1162	819	262.797
	1169	833	263.587
	1176	833	264.375
	1183	840	265.156
	1190	847	265.935
	1197	847	266.707
	1204	861	267.488
	1211	868	268.256
	1218	861	269.025
	1225	868	269.791
	1232	875	270.557
	1239	882	271.322
	1246	889	272.086
	1253	889	272.848
	1260	896	273.605
	1267	903	274.363
	1274	910	275.115
	1281	917	275.865
	1288	917	276.612
	1295	917	277.357
	1302	917	278.100
	1309	938	278.847
	1316	938	279.592
	1323	945	280.333
	1330	945	281.068
	1337	952	281.805
	1344	952	282.537
	1351	952	283.268
	1358	973	283.996
	1365	980	284.725
	1372	980	285.450
	1379	980	286.175
	1386	987	286.894
	1393	980	287.612
	1400	1001	288.333
	1407	1001	289.047
	1414	1001	289.768
	1421	1008	290.479
	1428	1015	291.191
	1435	1022	291.904
	1442	1029	292.616
	1449	1029	293.321
	1456	1043	294.023
	1463	1043	294.728
	1470	1057	295.428
	1477	1057	296.131
	1484	1064	296.826
	1491	1071	297.522
	1498	1078	298.214
	1505	1071	298.907
	1512	1078	299.598
	1519	1078	300.287
	1526	1078	300.975
	1533	1085	301.661
	1540	1099	302.347
	1547	1099	303.032
	1554	1113	303.713
	1561	1113	304.394
	1568	1120	305.066
	1575	1113	305.750
	1582	1120	306.423
	1589	1127	307.097
	1596	1134	307.770
	1603	1141	308.438
	1610	1148	309.106
	1617	1155	309.776
	1624	1162	310.444
	1631	1162	311.108
	1638	1162	311.774
	1645	1176	312.432
	1652	1176	313.096
	1659	1183	313.752
	1666	1190	314.415
	1673	1197	315.069
	1680	1204	315.727
	1687	1190	316.380
	1694	1204	317.036
	1701	1204	317.684
	1708	1218	318.334
	1715	1218	318.983
	1722	1218	319.629
	1729	1232	320.278
	1736	1239	320.924
	1743	1239	321.567
	1750	1253	322.209


Μερφ 2:
	k	x	P
	0	0	0.000
	7	7	20.279
	14	7	36.763
	21	14	47.227
	28	14	55.120
	35	21	61.906
	42	21	68.129
	49	28	73.888
	56	28	79.157
	63	35	84.095
	70	42	88.667
	77	42	92.981
	84	49	97.112
	91	49	101.072
	98	56	104.889
	105	63	108.520
	112	63	112.063
	119	70	115.451
	126	70	118.756
	133	77	121.989
	140	77	125.121
	147	84	128.192
	154	84	131.178
	161	91	134.133
	168	98	137.009
	175	98	139.825
	182	105	142.582
	189	105	145.260
	196	112	147.908
	203	119	150.518
	210	119	153.078
	217	126	155.571
	224	126	158.023
	231	133	160.454
	238	133	162.839
	245	140	165.199
	252	147	167.522
	259	147	169.817
	266	154	172.087
	273	154	174.336
	280	161	176.536
	287	168	178.707
	294	168	180.854
	301	168	182.978
	308	175	185.078
	315	182	187.159
	322	182	189.198
	329	189	191.216
	336	189	193.218
	343	196	195.208
	350	203	197.169
	357	203	199.115
	364	210	201.046
	371	210	202.954
	378	217	204.846
	385	224	206.720
	392	224	208.573
	399	231	210.412
	406	231	212.236
	413	238	214.038
	420	245	215.828
	427	245	217.607
	434	252	219.360
	441	252	221.103
	448	252	222.831
	455	259	224.550
	462	266	226.265
	469	266	227.958
	476	273	229.639
	483	273	231.304
	490	280	232.963
	497	287	234.612
	504	287	236.239
	511	294	237.859
	518	301	239.471
	525	301	241.067
	532	301	242.652
	539	308	244.230
	546	315	245.791
	553	315	247.344
	560	322	248.891
	567	329	250.429
	574	329	251.958
	581	336	253.476
	588	336	254.990
	595	336	256.493
	602	343	257.988
	609	350	259.478
	616	357	260.948
	623	364	262.403
	630	357	263.857
	637	364	265.306
	644	371	266.750
	651	378	268.186
	658	378	269.615
	665	378	271.034
	672	385	272.450
	679	392	273.848
	686	392	275.241
	693	392	276.630
	700	399	278.016
	707	406	279.392
	714	413	280.760
	721	420	282.116
	728	413	283.469
	735	420	284.818
	742	427	286.157
	749	434	287.489
	756	441	288.817
	763	434	290.138
	770	441	291.459
	777	448	292.771
	784	455	294.074
	791	455	295.373
	798	462	296.667
	805	462	297.958
	812	469	299.236
	819	476	300.513
	826	476	301.777
	833	476	303.041
	840	483	304.300
	847	483	305.553
	854	497	306.800
	861	497	308.046
	868	497	309.284
	875	497	310.516
	882	511	311.747
	889	511	312.970
	896	518	314.188
	903	518	315.402
	910	525	316.610
	917	525	317.814
	924	532	319.015
	931	532	320.214
	938	539	321.405
	945	546	322.595
	952	546	323.775
	959	546	324.952
	966	553	326.124
	973	560	327.296
	980	567	328.463
	987	574	329.627
	994	574	330.788
	1001	581	331.938
	1008	581	333.085
	1015	581	334.231
	1022	595	335.369
	1029	595	336.503
	1036	595	337.633
	1043	595	338.761
	1050	602	339.884
	1057	616	341.005
	1064	616	342.127
	1071	616	343.239
	1078	616	344.353
	1085	623	345.458
	1092	630	346.561
	1099	637	347.664
	1106	637	348.757
	1113	637	349.852
	1120	644	350.940
	1127	651	352.023
	1134	658	353.105
	1141	658	354.179
	1148	658	355.255
	1155	658	356.327
	1162	672	357.395
	1169	672	358.464
	1176	679	359.525
	1183	686	360.590
	1190	686	361.645
	1197	686	362.697
	1204	693	363.741
	1211	686	364.788
	1218	707	365.831
	1225	714	366.875
	1232	714	367.912
	1239	714	368.949
	1246	721	369.976
	1253	728	371.003
	1260	714	372.031
	1267	735	373.055
	1274	728	374.079
	1281	735	375.099
	1288	742	376.117
	1295	749	377.125
	1302	742	378.137
	1309	749	379.142
	1316	756	380.145
	1323	763	381.141
	1330	770	382.141
	1337	777	383.139
	1344	777	384.131
	1351	784	385.117
	1358	791	386.101
	1365	784	387.087
	1372	791	388.069
	1379	798	389.049
	1386	798	390.028
	1393	805	391.003
	1400	798	391.978
	1407	805	392.952
	1414	812	393.920
	1421	819	394.885
	1428	819	395.843
	1435	833	396.805
	1442	833	397.761
	1449	833	398.720
	1456	840	399.674
	1463	847	400.627
	1470	847	401.575
	1477	861	402.523
	1484	861	403.464
	1491	861	404.408
	1498	861	405.344
	1505	861	406.280
	1512	861	407.219
	1519	868	408.152
	1526	875	409.087
	1533	882	410.021
	1540	889	410.947
	1547	896	411.869
	1554	903	412.792
	1561	910	413.710
	1568	903	414.628
	1575	910	415.544
	1582	917	416.458
	1589	910	417.371
	1596	917	418.285
	1603	917	419.194
	1610	924	420.095
	1617	938	421.000
	1624	938	421.903
	1631	945	422.805
	1638	952	423.702
	1645	945	424.595
	1652	945	425.494
	1659	952	426.389
	1666	952	427.276
	1673	966	428.163
	1680	973	429.053
	1687	980	429.938
	1694	980	430.821
	1701	980	431.702
	1708	980	432.582
	1715	980	433.462
	1722	987	434.339
	1729	1001	435.215
	1736	1001	436.090
	1743	1008	436.956
	1750	1001	437.824


Μερφ 1:
	k	x	P
	1750	826	534.505


