 i	r	q	dt	tïð	n	m	Nêàí.	tí.î	tîáñ	tê.î
 1	0.607	0.981	--	0.000	0	0	1	0.000	0.003	0.003
 2	0.876	0.937	0.002	0.002	1	0	2	0.002	0.011	0.013
 3	0.907	0.259	0.002	0.004	1	0	1	0.004	0.225	0.229
 4	0.602	0.687	0.008	0.012	2	0	3	0.012	0.063	0.075
 5	0.756	0.810	0.005	0.017	2	0	2	0.017	0.035	0.052
 6	0.261	0.956	0.022	0.039	3	0	4	0.039	0.007	0.047
 7	0.285	0.280	0.021	0.060	2	0	4	0.060	0.212	0.272
 8	0.761	0.604	0.005	0.065	3	0	2	0.065	0.084	0.149
 9	0.694	0.479	0.006	0.071	4	0	5	0.071	0.123	0.193
 10	0.306	0.601	0.020	0.091	4	0	3	0.091	0.085	0.175
 11	0.266	0.636	0.022	0.113	5	0	2	0.149	0.075	0.224
 12	0.407	0.907	0.015	0.128	5	1	3	0.175	0.016	0.192
 13	0.200	0.724	0.027	0.155	5	1	3	0.192	0.054	0.245
 14	0.840	0.601	0.003	0.157	5	2	5	0.193	0.085	0.278
 15	0.353	0.839	0.017	0.175	5	3	2	0.224	0.029	0.253
 16	0.540	0.468	0.010	0.185	5	3	1	0.229	0.127	0.355
 17	0.224	0.210	0.025	0.210	5	2	3	0.245	0.260	0.506
 18	0.659	0.623	0.007	0.217	5	3	2	0.253	0.079	0.332
 19	0.725	0.405	0.005	0.222	5	4	4	0.272	0.151	0.423
 20	0.432	0.684	0.014	0.236	5	3	5	0.278	0.063	0.342
 21	0.039	0.404	0.054	0.290	5	0	2	0.332	0.151	0.483
 22	0.191	0.773	0.028	0.318	5	1	5	0.342	0.043	0.385
 23	0.857	0.979	0.003	0.320	5	2	1	0.355	0.003	0.359
 24	0.881	0.226	0.002	0.323	5	3	1	0.359	0.248	0.607
 25	0.090	0.965	0.040	0.363	5	0	5	0.385	0.006	0.391
 26	0.075	0.565	0.043	0.406	4	0	5	0.406	0.095	0.501
 27	0.412	0.054	0.015	0.421	5	0	4	0.423	0.488	0.911
 28	0.647	0.022	0.007	0.428	5	0	2	0.483	0.638	1.122
 29	0.322	0.417	0.019	0.447	5	1	5	0.501	0.146	0.647
 30	0.298	0.019	0.020	0.467	5	2	3	0.506	0.661	1.167
 31	0.456	0.296	0.013	0.480	5	3	1	0.607	0.203	0.809
 32	0.963	0.378	0.001	0.481	5	4	5	0.647	0.162	0.809
 33	0.269	0.395	0.022	0.503	5	3	5	0.809	0.155	0.964
 34	0.059	0.042	0.047	0.550	5	3	1	0.809	0.527	1.336
 35	0.490	0.036	0.012	0.562	5	4	4	0.911	0.555	1.466
 36	0.534	0.660	0.010	0.572	5	5	--	--	0.069	--
 37	0.685	0.253	0.006	0.578	5	5	--	--	0.229	--
 38	0.003	0.748	0.096	0.675	5	3	5	0.964	0.048	1.012
 39	0.366	0.929	0.017	0.691	5	4	5	1.012	0.012	1.025
 40	0.926	0.415	0.001	0.693	5	5	--	--	0.146	--
 41	0.990	0.293	0.000	0.693	5	5	--	--	0.205	--
 42	0.997	0.871	0.000	0.693	5	5	--	--	0.023	--
 43	0.601	0.334	0.008	0.701	5	5	--	--	0.183	--
 44	0.761	0.372	0.005	0.706	5	5	--	--	0.165	--
 45	0.329	0.423	0.019	0.724	5	5	--	--	0.143	--
 46	0.085	0.935	0.041	0.765	5	5	--	--	0.011	--
 47	0.112	0.439	0.036	0.802	5	5	--	--	0.137	--
 48	0.606	0.188	0.008	0.810	5	3	5	1.025	0.278	1.303
 49	0.511	0.503	0.011	0.821	5	4	2	1.122	0.115	1.236
 50	0.801	0.331	0.004	0.825	5	5	--	--	0.184	--
 51	0.934	0.653	0.001	0.826	5	5	--	--	0.071	--
 52	0.985	0.393	0.000	0.826	5	5	--	--	0.156	--
 53	0.614	0.177	0.008	0.835	5	5	--	--	0.289	--
 54	0.469	0.955	0.013	0.847	5	5	--	--	0.008	--
 55	0.907	0.316	0.002	0.849	5	5	--	--	0.192	--
 56	0.400	0.392	0.015	0.864	5	5	--	--	0.156	--
 57	0.536	0.457	0.010	0.874	5	5	--	--	0.130	--
 58	0.679	0.569	0.006	0.881	5	5	--	--	0.094	--
 59	0.914	0.235	0.002	0.882	5	5	--	--	0.242	--
 60	0.780	0.971	0.004	0.887	5	5	--	--	0.005	--
 61	0.280	0.856	0.021	0.908	5	5	--	--	0.026	--
 62	0.559	0.540	0.010	0.917	5	4	3	1.167	0.103	1.270
 63	0.654	0.101	0.007	0.925	5	5	--	--	0.382	--
 64	0.256	0.183	0.023	0.947	5	5	--	--	0.283	--
 65	0.244	0.336	0.023	0.971	5	4	2	1.236	0.182	1.418
 66	0.031	0.111	0.058	1.029	5	3	3	1.270	0.367	1.636
 67	0.520	0.299	0.011	1.039	5	4	5	1.303	0.201	1.504
 68	0.680	0.040	0.006	1.046	5	5	--	--	0.536	--
 69	0.302	0.864	0.020	1.066	5	5	--	--	0.024	--
 70	0.691	0.860	0.006	1.072	5	5	--	--	0.025	--
 71	0.580	0.149	0.009	1.081	5	5	--	--	0.317	--
 72	0.780	0.911	0.004	1.085	5	5	--	--	0.015	--
 73	0.956	0.852	0.001	1.086	5	5	--	--	0.027	--
 74	0.466	0.510	0.013	1.099	5	5	--	--	0.112	--
 75	0.225	0.114	0.025	1.124	5	4	1	1.336	0.363	1.699
 76	0.364	0.024	0.017	1.140	5	5	--	--	0.623	--
 77	0.352	0.262	0.017	1.158	5	5	--	--	0.223	--
 78	0.720	0.731	0.005	1.163	5	5	--	--	0.052	--
 79	0.485	0.999	0.012	1.175	5	4	2	1.418	0.000	1.418
 80	0.483	0.991	0.012	1.187	5	5	--	--	0.001	--
 81	0.414	0.660	0.015	1.202	5	5	--	--	0.069	--
 82	0.948	0.114	0.001	1.203	5	5	--	--	0.362	--
 83	0.565	0.681	0.010	1.213	5	5	--	--	0.064	--
 84	0.950	0.759	0.001	1.213	5	5	--	--	0.046	--
 85	0.907	0.996	0.002	1.215	5	5	--	--	0.001	--
 86	0.725	0.946	0.005	1.220	5	5	--	--	0.009	--
 87	0.623	0.385	0.008	1.228	5	5	--	--	0.159	--
 88	0.136	0.884	0.033	1.262	5	4	2	1.418	0.020	1.439
 89	0.694	0.396	0.006	1.268	5	5	--	--	0.155	--
 90	0.064	0.964	0.046	1.314	5	3	2	1.439	0.006	1.445
 91	0.325	0.059	0.019	1.332	5	4	2	1.445	0.473	1.917
 92	0.426	0.548	0.014	1.346	5	4	4	1.466	0.100	1.566
 93	0.965	0.742	0.001	1.347	5	5	--	--	0.050	--
 94	0.838	0.734	0.003	1.350	5	5	--	--	0.052	--
 95	0.206	0.860	0.026	1.376	5	5	--	--	0.025	--
 96	0.266	0.215	0.022	1.398	5	5	--	--	0.256	--
 97	0.740	0.330	0.005	1.403	5	5	--	--	0.185	--
 98	0.421	0.810	0.014	1.418	5	5	--	--	0.035	--
 99	0.363	0.298	0.017	1.435	5	3	5	1.504	0.202	1.706
 100	0.194	0.335	0.027	1.462	5	2	4	1.566	0.183	1.748
 101	0.395	0.376	0.015	1.478	5	2	3	1.636	0.163	1.799
 102	0.207	0.339	0.026	1.504	5	3	1	1.699	0.180	1.879
 103	0.531	0.053	0.011	1.514	5	3	5	1.706	0.491	2.197
 104	0.761	0.007	0.005	1.519	5	4	4	1.748	0.826	2.574
 105	0.527	0.659	0.011	1.530	5	5	--	--	0.069	--
 106	0.163	0.256	0.030	1.560	5	5	--	--	0.227	--
 107	0.044	0.011	0.052	1.612	5	4	3	1.799	0.748	2.547
 108	0.753	0.002	0.005	1.616	5	5	--	--	1.022	--
 109	0.910	0.079	0.002	1.618	5	5	--	--	0.424	--
 110	0.073	0.730	0.044	1.662	5	4	1	1.879	0.052	1.932
 111	0.739	0.545	0.005	1.667	5	5	--	--	0.101	--
 112	0.617	0.050	0.008	1.675	5	5	--	--	0.500	--
 113	0.843	0.412	0.003	1.678	5	5	--	--	0.148	--
 114	0.619	0.029	0.008	1.686	5	5	--	--	0.589	--
 115	0.313	0.564	0.019	1.705	5	4	2	1.917	0.095	2.013
 116	0.497	0.803	0.012	1.717	5	4	1	1.932	0.037	1.968
 117	0.663	0.050	0.007	1.724	5	5	--	--	0.500	--
 118	0.979	0.432	0.000	1.724	5	5	--	--	0.140	--
 119	0.186	0.377	0.028	1.752	5	4	1	1.968	0.162	2.130
 120	0.793	0.383	0.004	1.756	5	5	--	--	0.160	--
 121	0.700	0.987	0.006	1.762	5	5	--	--	0.002	--
 122	0.068	0.378	0.045	1.806	5	4	2	2.013	0.162	2.175
 123	0.380	0.891	0.016	1.823	5	5	--	--	0.019	--
 124	0.637	0.907	0.008	1.830	5	5	--	--	0.016	--
 125	0.471	0.862	0.013	1.843	5	5	--	--	0.025	--
 126	0.103	0.482	0.038	1.881	5	4	1	2.130	0.122	2.252
 127	0.455	0.176	0.013	1.894	5	5	--	--	0.290	--
 128	0.205	0.913	0.026	1.920	5	4	2	2.175	0.015	2.190
 129	0.370	0.312	0.017	1.937	5	4	2	2.190	0.194	2.384
 130	0.637	0.588	0.008	1.944	5	5	--	--	0.088	--
 131	0.041	0.936	0.053	1.997	5	4	5	2.197	0.011	2.208
 132	0.260	0.079	0.022	2.020	5	4	5	2.208	0.424	2.631
 133	0.662	0.432	0.007	2.027	5	5	--	--	0.140	--
 134	0.714	0.512	0.006	2.032	5	5	--	--	0.112	--
 135	0.979	0.908	0.000	2.033	5	5	--	--	0.016	--
 136	0.839	0.149	0.003	2.036	5	5	--	--	0.317	--
 137	0.043	0.626	0.053	2.088	5	5	--	--	0.078	--
 138	0.318	0.627	0.019	2.107	5	5	--	--	0.078	--
 139	0.619	0.721	0.008	2.115	5	5	--	--	0.054	--
 140	0.496	0.476	0.012	2.127	5	5	--	--	0.124	--
 141	0.550	0.615	0.010	2.137	5	4	1	2.252	0.081	2.333
 142	0.751	0.956	0.005	2.142	5	5	--	--	0.008	--
 143	0.297	0.259	0.020	2.162	5	5	--	--	0.225	--
 144	0.986	0.068	0.000	2.162	5	5	--	--	0.448	--
 145	0.116	0.896	0.036	2.198	5	2	1	2.333	0.018	2.351
 146	0.115	0.916	0.036	2.234	5	2	1	2.351	0.015	2.366
 147	0.528	0.035	0.011	2.245	5	3	1	2.366	0.557	2.923
 148	0.824	0.577	0.003	2.248	5	4	2	2.384	0.092	2.476
 149	0.529	0.431	0.011	2.259	5	4	2	2.476	0.140	2.616
 150	0.537	0.382	0.010	2.269	5	5	--	--	0.161	--
 151	0.935	0.639	0.001	2.270	5	5	--	--	0.075	--
 152	0.606	0.101	0.008	2.278	5	5	--	--	0.382	--
 153	0.099	0.846	0.039	2.317	5	5	--	--	0.028	--
 154	0.313	0.220	0.019	2.336	5	4	3	2.547	0.252	2.799
 155	0.466	0.753	0.013	2.349	5	5	--	--	0.047	--
 156	0.498	0.233	0.012	2.361	5	4	4	2.574	0.243	2.817
 157	0.796	0.914	0.004	2.364	5	5	--	--	0.015	--
 158	0.605	0.948	0.008	2.373	5	4	2	2.616	0.009	2.625
 159	0.905	0.809	0.002	2.375	5	5	--	--	0.035	--
 160	0.819	0.248	0.003	2.378	5	5	--	--	0.232	--
 161	0.153	0.620	0.031	2.409	5	4	2	2.625	0.080	2.704
 162	0.870	0.675	0.002	2.411	5	5	--	--	0.065	--
 163	0.232	0.775	0.024	2.436	5	5	--	--	0.042	--
 164	0.095	0.841	0.039	2.475	5	5	--	--	0.029	--
 165	0.704	0.577	0.006	2.481	5	4	5	2.631	0.092	2.723
 166	0.657	0.988	0.007	2.488	5	5	--	--	0.002	--
 167	0.840	0.138	0.003	2.491	5	5	--	--	0.330	--
 168	0.516	0.316	0.011	2.502	5	5	--	--	0.192	--
 169	0.249	0.069	0.023	2.525	5	5	--	--	0.447	--
 170	0.940	0.925	0.001	2.526	5	5	--	--	0.013	--
 171	0.166	0.593	0.030	2.556	5	4	2	2.704	0.087	2.792
 172	0.191	0.645	0.028	2.584	5	4	5	2.723	0.073	2.796
 173	0.726	0.519	0.005	2.589	5	5	--	--	0.109	--
 174	0.646	0.711	0.007	2.596	5	5	--	--	0.057	--
 175	0.741	0.478	0.005	2.601	5	5	--	--	0.123	--
 176	0.099	0.282	0.039	2.640	5	2	2	2.792	0.211	3.002
 177	0.954	0.654	0.001	2.641	5	3	5	2.796	0.071	2.867
 178	0.516	0.393	0.011	2.652	5	4	3	2.799	0.155	2.955
 179	0.215	0.484	0.026	2.677	5	5	--	--	0.121	--
 180	0.165	0.164	0.030	2.707	5	4	4	2.817	0.301	3.118
 181	0.060	0.141	0.047	2.754	5	4	5	2.867	0.326	3.193
 182	0.984	0.043	0.000	2.754	5	5	--	--	0.523	--
 183	0.364	0.671	0.017	2.771	5	5	--	--	0.067	--
 184	0.342	0.781	0.018	2.789	5	5	--	--	0.041	--
 185	0.839	0.991	0.003	2.792	5	4	1	2.923	0.002	2.924
 186	0.199	0.681	0.027	2.819	5	2	1	2.924	0.064	2.988
 187	0.629	0.324	0.008	2.827	5	3	3	2.955	0.188	3.143
 188	0.123	0.741	0.035	2.862	5	4	1	2.988	0.050	3.038
 189	0.849	0.497	0.003	2.864	5	5	--	--	0.116	--
 190	0.873	0.577	0.002	2.867	5	5	--	--	0.092	--
 191	0.215	0.676	0.026	2.892	5	4	2	3.002	0.065	3.068
 192	0.380	0.720	0.016	2.908	5	5	--	--	0.055	--
 193	0.516	0.003	0.011	2.919	5	5	--	--	0.969	--
 194	0.092	0.082	0.040	2.959	5	2	1	3.038	0.417	3.455
 195	0.269	0.031	0.022	2.981	5	3	2	3.068	0.577	3.645
 196	0.945	0.219	0.001	2.982	5	4	4	3.118	0.253	3.372
 197	0.028	0.266	0.060	3.042	5	2	3	3.143	0.221	3.364
 198	0.761	0.656	0.005	3.046	5	3	5	3.193	0.070	3.264
 199	0.186	0.324	0.028	3.074	5	3	5	3.264	0.188	3.451
 200	0.824	0.016	0.003	3.078	5	4	3	3.364	0.689	4.052
 201	0.299	0.710	0.020	3.098	5	5	--	--	0.057	--
 202	0.823	0.229	0.003	3.101	5	5	--	--	0.245	--
 203	0.558	0.633	0.010	3.111	5	5	--	--	0.076	--
 204	0.468	0.741	0.013	3.123	5	4	4	3.372	0.050	3.422
 205	0.796	0.347	0.004	3.127	5	5	--	--	0.177	--
 206	0.927	0.582	0.001	3.128	5	5	--	--	0.090	--
 207	0.807	0.697	0.004	3.132	5	5	--	--	0.060	--
 208	0.997	0.458	0.000	3.132	5	5	--	--	0.130	--
 209	0.488	0.637	0.012	3.144	5	4	4	3.422	0.075	3.497
 210	0.686	0.865	0.006	3.150	5	5	--	--	0.024	--
 211	0.038	0.954	0.054	3.205	5	4	5	3.451	0.008	3.459
 212	0.782	0.678	0.004	3.209	5	5	--	--	0.065	--
 213	0.718	0.086	0.006	3.214	5	5	--	--	0.409	--
 214	0.186	0.948	0.028	3.242	5	5	--	--	0.009	--
 215	0.123	0.132	0.035	3.277	5	4	1	3.455	0.337	3.792
 216	0.300	0.699	0.020	3.297	5	5	--	--	0.060	--
 217	0.276	0.848	0.021	3.319	5	5	--	--	0.027	--
 218	0.910	0.733	0.002	3.320	5	5	--	--	0.052	--
 219	0.570	0.936	0.009	3.330	5	5	--	--	0.011	--
 220	0.656	0.679	0.007	3.337	5	5	--	--	0.065	--
 221	0.441	0.121	0.014	3.350	5	5	--	--	0.351	--
 222	0.719	0.093	0.006	3.356	5	5	--	--	0.395	--
 223	0.198	0.848	0.027	3.383	5	3	5	3.459	0.027	3.487
 224	0.695	0.363	0.006	3.389	5	4	5	3.487	0.169	3.656
 225	0.291	0.612	0.021	3.409	5	5	--	--	0.082	--
 226	0.057	0.601	0.048	3.457	5	2	4	3.497	0.085	3.582
 227	0.144	0.579	0.032	3.489	5	1	4	3.582	0.091	3.673
 228	0.090	0.844	0.040	3.530	5	1	2	3.645	0.028	3.673
 229	0.049	0.857	0.050	3.580	5	2	5	3.656	0.026	3.681
 230	0.034	0.687	0.056	3.636	5	2	4	3.673	0.063	3.735
 231	0.247	0.202	0.023	3.659	5	1	2	3.673	0.266	3.939
 232	0.326	0.290	0.019	3.678	5	0	5	3.681	0.206	3.888
 233	0.752	0.679	0.005	3.683	5	0	4	3.735	0.064	3.800
 234	0.540	0.404	0.010	3.693	5	1	1	3.792	0.151	3.943
 235	0.325	0.503	0.019	3.712	5	2	4	3.800	0.114	3.914
 236	0.990	0.028	0.000	3.712	5	3	5	3.888	0.598	4.486
 237	0.028	0.558	0.060	3.772	5	3	4	3.914	0.097	4.011
 238	0.048	0.434	0.050	3.822	5	2	2	3.939	0.139	4.078
 239	0.388	0.568	0.016	3.838	5	3	1	3.943	0.094	4.038
 240	0.252	0.895	0.023	3.861	5	4	4	4.011	0.018	4.030
 241	0.252	0.199	0.023	3.884	5	5	--	--	0.269	--
 242	0.267	0.512	0.022	3.906	5	4	4	4.030	0.112	4.141
 243	0.315	0.148	0.019	3.925	5	4	1	4.038	0.318	4.356
 244	0.970	0.266	0.001	3.926	5	5	--	--	0.220	--
 245	0.870	0.078	0.002	3.928	5	5	--	--	0.425	--
 246	0.290	0.907	0.021	3.949	5	3	3	4.052	0.016	4.069
 247	0.019	0.838	0.066	4.014	5	3	3	4.069	0.029	4.098
 248	0.308	0.659	0.020	4.034	5	3	2	4.078	0.070	4.148
 249	0.172	0.251	0.029	4.063	5	2	3	4.098	0.230	4.328
 250	0.409	0.128	0.015	4.078	5	2	4	4.141	0.342	4.484
 251	0.647	0.582	0.007	4.086	5	2	2	4.148	0.090	4.238
 252	0.276	0.325	0.021	4.107	5	2	2	4.238	0.187	4.425
 253	0.293	0.200	0.020	4.127	5	3	3	4.328	0.268	4.596
 254	0.236	0.506	0.024	4.152	5	2	1	4.356	0.114	4.470
 255	0.826	0.555	0.003	4.155	5	3	2	4.425	0.098	4.523
 256	0.102	0.739	0.038	4.193	5	4	1	4.470	0.050	4.520
 257	0.717	0.006	0.006	4.198	5	5	--	--	0.853	--
 258	0.299	0.805	0.020	4.219	5	5	--	--	0.036	--
 259	0.504	0.946	0.011	4.230	5	5	--	--	0.009	--
 260	0.839	0.376	0.003	4.233	5	5	--	--	0.163	--
 261	0.087	0.617	0.041	4.274	5	4	4	4.484	0.080	4.564
 262	0.765	0.535	0.004	4.278	5	5	--	--	0.104	--
 263	0.408	0.666	0.015	4.293	5	5	--	--	0.068	--
 264	0.119	0.708	0.036	4.328	5	4	5	4.486	0.057	4.543
 265	0.572	0.512	0.009	4.338	5	5	--	--	0.112	--
 266	0.446	0.091	0.013	4.351	5	5	--	--	0.399	--
 267	0.653	0.523	0.007	4.358	5	4	1	4.520	0.108	4.628
 268	0.448	0.799	0.013	4.372	5	5	--	--	0.037	--
 269	0.592	0.522	0.009	4.380	5	5	--	--	0.108	--
 270	0.743	0.415	0.005	4.385	5	5	--	--	0.146	--
 271	0.533	0.896	0.010	4.396	5	5	--	--	0.018	--
 272	0.965	0.422	0.001	4.397	5	5	--	--	0.144	--
 273	0.188	0.103	0.028	4.424	5	5	--	--	0.378	--
 274	0.685	0.300	0.006	4.431	5	4	2	4.523	0.201	4.724
 275	0.020	0.423	0.065	4.496	5	2	5	4.543	0.143	4.686
 276	0.053	0.105	0.049	4.545	5	0	4	4.564	0.376	4.940
 277	0.789	0.837	0.004	4.549	5	1	3	4.596	0.030	4.626
 278	0.726	0.014	0.005	4.554	5	2	3	4.626	0.709	5.335
 279	0.016	0.759	0.069	4.623	5	1	1	4.628	0.046	4.674
 280	0.728	0.999	0.005	4.628	5	1	1	4.674	0.000	4.674
 281	0.696	0.437	0.006	4.634	5	1	1	4.674	0.138	4.812
 282	0.443	0.402	0.014	4.648	5	2	5	4.686	0.152	4.838
 283	0.874	0.907	0.002	4.650	5	3	2	4.724	0.016	4.741
 284	0.191	0.990	0.028	4.678	5	2	2	4.741	0.002	4.742
 285	0.028	0.055	0.060	4.737	5	1	2	4.742	0.484	5.226
 286	0.798	0.101	0.004	4.741	5	1	1	4.812	0.382	5.194
 287	0.226	0.182	0.025	4.766	5	1	5	4.838	0.284	5.122
 288	0.467	0.943	0.013	4.779	5	2	4	4.940	0.010	4.950
 289	0.438	0.150	0.014	4.792	5	3	4	4.950	0.316	5.266
 290	0.133	0.050	0.034	4.826	5	3	5	5.122	0.499	5.621
 291	0.650	0.320	0.007	4.833	5	4	1	5.194	0.190	5.384
 292	0.533	0.510	0.010	4.844	5	4	2	5.226	0.112	5.339
 293	0.370	0.718	0.017	4.860	5	5	--	--	0.055	--
 294	0.522	0.932	0.011	4.871	5	5	--	--	0.012	--
 295	0.209	0.763	0.026	4.897	5	5	--	--	0.045	--
 296	0.827	0.375	0.003	4.900	5	5	--	--	0.163	--
 297	0.130	0.150	0.034	4.934	5	5	--	--	0.316	--
 298	0.676	0.718	0.007	4.941	5	4	4	5.266	0.055	5.321
 299	0.384	0.666	0.016	4.957	5	4	4	5.321	0.068	5.389
 300	0.566	0.380	0.009	4.966	5	5	--	--	0.161	--
 301	0.568	0.511	0.009	4.976	5	5	--	--	0.112	--
 302	0.025	0.955	0.062	5.037	5	5	--	--	0.008	--
 303	0.446	0.645	0.013	5.051	5	5	--	--	0.073	--
 304	0.771	0.399	0.004	5.055	5	5	--	--	0.153	--
 305	0.644	0.518	0.007	5.062	5	5	--	--	0.110	--
 306	0.147	0.973	0.032	5.095	5	5	--	--	0.005	--
 307	0.785	0.794	0.004	5.099	5	5	--	--	0.038	--
 308	0.389	0.401	0.016	5.114	5	5	--	--	0.152	--
 309	0.657	0.987	0.007	5.121	5	5	--	--	0.002	--
 310	0.205	0.643	0.026	5.148	5	4	3	5.335	0.074	5.409
 311	0.233	0.022	0.024	5.172	5	5	--	--	0.638	--
 312	0.451	0.588	0.013	5.185	5	5	--	--	0.088	--
 313	0.421	0.051	0.014	5.200	5	4	2	5.339	0.497	5.835
 314	0.537	0.870	0.010	5.210	5	5	--	--	0.023	--
 315	0.922	0.214	0.001	5.211	5	5	--	--	0.257	--
 316	0.639	0.014	0.007	5.219	5	5	--	--	0.715	--
 317	0.178	0.911	0.029	5.248	5	4	1	5.384	0.015	5.399
 318	0.062	0.450	0.046	5.294	5	4	4	5.389	0.133	5.522
 319	0.681	0.270	0.006	5.300	5	5	--	--	0.218	--
 320	0.192	0.603	0.027	5.328	5	4	1	5.399	0.084	5.484
 321	0.506	0.416	0.011	5.339	5	3	3	5.409	0.146	5.555
 322	0.656	0.471	0.007	5.346	5	4	1	5.484	0.126	5.609
 323	0.543	0.542	0.010	5.357	5	5	--	--	0.102	--
 324	0.545	0.967	0.010	5.367	5	5	--	--	0.006	--
 325	0.031	0.238	0.058	5.425	5	1	4	5.522	0.239	5.761
 326	0.157	0.894	0.031	5.456	5	2	3	5.555	0.019	5.573
 327	0.348	0.700	0.018	5.473	5	3	3	5.573	0.059	5.633
 328	0.608	0.924	0.008	5.481	5	4	1	5.609	0.013	5.622
 329	0.205	0.940	0.026	5.508	5	4	5	5.621	0.010	5.631
 330	0.149	0.489	0.032	5.540	5	4	1	5.622	0.119	5.742
 331	0.016	0.565	0.068	5.608	5	3	5	5.631	0.095	5.727
 332	0.100	0.127	0.038	5.646	4	0	3	5.646	0.344	5.990
 333	0.940	0.706	0.001	5.647	5	0	5	5.727	0.058	5.785
 334	0.191	0.764	0.028	5.675	5	1	1	5.742	0.045	5.787
 335	0.491	0.934	0.012	5.687	5	2	4	5.761	0.011	5.772
 336	0.835	0.718	0.003	5.690	5	3	4	5.772	0.055	5.828
 337	0.375	0.017	0.016	5.706	5	4	5	5.785	0.677	6.461
 338	0.639	0.058	0.007	5.714	5	5	--	--	0.474	--
 339	0.897	0.930	0.002	5.716	5	5	--	--	0.012	--
 340	0.365	0.396	0.017	5.732	5	4	1	5.787	0.154	5.941
 341	0.558	0.061	0.010	5.742	5	4	4	5.828	0.467	6.295
 342	0.716	0.450	0.006	5.748	5	5	--	--	0.133	--
 343	0.946	0.911	0.001	5.749	5	5	--	--	0.016	--
 344	0.900	0.826	0.002	5.750	5	5	--	--	0.032	--
 345	0.329	0.144	0.019	5.769	5	4	2	5.835	0.323	6.158
 346	0.999	0.629	0.000	5.769	5	5	--	--	0.077	--
 347	0.115	0.463	0.036	5.805	5	2	1	5.941	0.128	6.069
 348	0.892	0.769	0.002	5.807	5	3	3	5.990	0.044	6.034
 349	0.182	0.903	0.028	5.835	5	2	3	6.034	0.017	6.051
 350	0.963	0.403	0.001	5.836	5	3	3	6.051	0.151	6.202
 351	0.632	0.517	0.008	5.843	5	4	1	6.069	0.110	6.179
 352	0.207	0.875	0.026	5.870	5	5	--	--	0.022	--
 353	0.377	0.581	0.016	5.886	5	5	--	--	0.090	--
 354	0.747	0.985	0.005	5.891	5	5	--	--	0.002	--
 355	0.797	0.111	0.004	5.895	5	5	--	--	0.367	--
 356	0.278	0.505	0.021	5.916	5	5	--	--	0.114	--
 357	0.108	0.162	0.037	5.953	5	4	2	6.158	0.303	6.461
 358	0.801	0.717	0.004	5.957	5	5	--	--	0.055	--
 359	0.679	0.838	0.006	5.963	5	5	--	--	0.029	--
 360	0.151	0.520	0.032	5.995	5	4	1	6.179	0.109	6.288
 361	0.980	0.638	0.000	5.995	5	5	--	--	0.075	--
 362	0.561	0.392	0.010	6.005	5	5	--	--	0.156	--
 363	0.704	0.506	0.006	6.010	5	5	--	--	0.114	--
 364	0.836	0.429	0.003	6.013	5	5	--	--	0.141	--
 365	0.599	0.192	0.009	6.022	5	5	--	--	0.275	--
 366	0.819	0.832	0.003	6.025	5	5	--	--	0.031	--
 367	0.184	0.038	0.028	6.054	5	3	3	6.202	0.543	6.746
 368	0.854	0.802	0.003	6.056	5	4	1	6.288	0.037	6.325
 369	0.540	0.582	0.010	6.066	5	5	--	--	0.090	--
 370	0.931	0.864	0.001	6.068	5	5	--	--	0.024	--
 371	0.299	0.157	0.020	6.088	5	4	4	6.295	0.308	6.603
 372	0.401	0.360	0.015	6.103	5	5	--	--	0.170	--
 373	0.485	0.495	0.012	6.115	5	5	--	--	0.117	--
 374	0.534	0.370	0.010	6.126	5	5	--	--	0.166	--
 375	0.586	0.865	0.009	6.134	5	5	--	--	0.024	--
 376	0.030	0.642	0.059	6.193	5	3	1	6.325	0.074	6.399
 377	0.807	0.174	0.004	6.197	5	4	1	6.399	0.292	6.690
 378	0.919	0.557	0.001	6.198	5	5	--	--	0.098	--
 379	0.438	0.269	0.014	6.212	5	4	2	6.461	0.219	6.680
 380	0.252	0.660	0.023	6.235	5	5	--	--	0.069	--
 381	0.383	0.069	0.016	6.251	5	5	--	--	0.444	--
 382	0.720	0.092	0.005	6.256	5	5	--	--	0.397	--
 383	0.673	0.776	0.007	6.263	5	5	--	--	0.042	--
 384	0.975	0.448	0.000	6.263	5	5	--	--	0.134	--
 385	0.916	0.829	0.001	6.265	5	5	--	--	0.031	--
 386	0.065	0.292	0.046	6.310	5	3	5	6.461	0.205	6.667
 387	0.686	0.181	0.006	6.317	5	4	4	6.603	0.285	6.888
 388	0.167	0.908	0.030	6.347	5	4	5	6.667	0.016	6.683
 389	0.547	0.381	0.010	6.357	5	5	--	--	0.161	--
 390	0.868	0.978	0.002	6.359	5	5	--	--	0.004	--
 391	0.212	0.695	0.026	6.385	5	5	--	--	0.061	--
 392	0.676	0.860	0.007	6.391	5	5	--	--	0.025	--
 393	0.046	0.403	0.051	6.443	5	4	2	6.680	0.151	6.831
 394	0.394	0.197	0.016	6.458	5	5	--	--	0.271	--
 395	0.259	0.433	0.023	6.481	5	3	5	6.683	0.140	6.823
 396	0.591	0.705	0.009	6.489	5	4	1	6.690	0.058	6.749
 397	0.342	0.963	0.018	6.507	5	5	--	--	0.006	--
 398	0.767	0.433	0.004	6.512	5	5	--	--	0.140	--
 399	0.199	0.391	0.027	6.539	5	5	--	--	0.156	--
 400	0.055	0.607	0.048	6.587	5	5	--	--	0.083	--
 401	0.706	0.599	0.006	6.593	5	5	--	--	0.086	--
 402	0.572	0.478	0.009	6.602	5	5	--	--	0.123	--
 403	0.592	0.459	0.009	6.611	5	4	3	6.746	0.130	6.875
 404	0.947	0.595	0.001	6.612	5	5	--	--	0.087	--
 405	0.337	0.635	0.018	6.630	5	5	--	--	0.076	--
 406	0.211	0.623	0.026	6.656	5	5	--	--	0.079	--
 407	0.741	0.480	0.005	6.661	5	5	--	--	0.122	--
 408	0.326	0.499	0.019	6.679	5	4	1	6.749	0.116	6.864
 409	0.647	0.003	0.007	6.687	5	3	5	6.823	0.943	7.766
 410	0.168	0.313	0.030	6.716	5	3	2	6.831	0.194	7.025
 411	0.528	0.904	0.011	6.727	5	4	1	6.864	0.017	6.881
 412	0.053	0.121	0.049	6.776	5	3	3	6.875	0.353	7.228
 413	0.031	0.356	0.058	6.834	5	2	1	6.881	0.172	7.053
 414	0.832	0.931	0.003	6.837	5	3	4	6.888	0.012	6.900
 415	0.558	0.057	0.010	6.847	5	4	4	6.900	0.478	7.378
 416	0.487	0.542	0.012	6.859	5	5	--	--	0.102	--
 417	0.391	0.751	0.016	6.874	5	4	2	7.025	0.048	7.073
 418	0.050	0.870	0.050	6.924	5	1	1	7.053	0.023	7.077
 419	0.135	0.562	0.033	6.958	5	2	2	7.073	0.096	7.169
 420	0.677	0.995	0.006	6.964	5	3	1	7.077	0.001	7.078
 421	0.201	0.692	0.027	6.991	5	4	1	7.078	0.061	7.139
 422	0.052	0.535	0.049	7.040	5	4	1	7.139	0.104	7.243
 423	0.114	0.945	0.036	7.076	5	3	2	7.169	0.009	7.178
 424	0.935	0.171	0.001	7.077	5	3	2	7.178	0.294	7.473
 425	0.398	0.802	0.015	7.093	5	3	3	7.228	0.037	7.265
 426	0.908	0.453	0.002	7.094	5	4	1	7.243	0.132	7.375
 427	0.147	0.945	0.032	7.126	5	5	--	--	0.009	--
 428	0.215	0.404	0.026	7.152	5	4	3	7.265	0.151	7.416
 429	0.872	0.916	0.002	7.154	5	5	--	--	0.015	--
 430	0.175	0.120	0.029	7.183	5	3	1	7.375	0.353	7.728
 431	0.368	0.580	0.017	7.200	5	4	4	7.378	0.091	7.469
 432	0.198	0.616	0.027	7.227	5	5	--	--	0.081	--
 433	0.847	0.861	0.003	7.230	5	4	3	7.416	0.025	7.441
 434	0.895	0.772	0.002	7.232	5	5	--	--	0.043	--
 435	0.032	0.475	0.057	7.289	5	3	3	7.441	0.124	7.565
 436	0.484	0.434	0.012	7.301	5	4	4	7.469	0.139	7.609
 437	0.919	0.730	0.001	7.302	5	5	--	--	0.052	--
 438	0.584	0.708	0.009	7.311	5	5	--	--	0.058	--
 439	0.157	0.510	0.031	7.342	5	5	--	--	0.112	--
 440	0.805	0.392	0.004	7.346	5	5	--	--	0.156	--
 441	0.049	0.903	0.050	7.396	5	3	2	7.473	0.017	7.490
 442	0.395	0.338	0.015	7.412	5	4	2	7.490	0.181	7.670
 443	0.682	0.296	0.006	7.418	5	4	3	7.565	0.203	7.768
 444	0.657	0.617	0.007	7.425	5	5	--	--	0.080	--
 445	0.283	0.614	0.021	7.446	5	4	4	7.609	0.081	7.690
 446	0.079	0.614	0.042	7.488	5	3	2	7.670	0.081	7.752
 447	0.195	0.526	0.027	7.515	5	3	4	7.690	0.107	7.797
 448	0.271	0.909	0.022	7.537	5	4	1	7.728	0.016	7.744
 449	0.479	0.341	0.012	7.550	5	5	--	--	0.179	--
 450	0.925	0.980	0.001	7.551	5	5	--	--	0.003	--
 451	0.731	0.723	0.005	7.556	5	5	--	--	0.054	--
 452	0.308	0.614	0.020	7.576	5	4	1	7.744	0.081	7.825
 453	0.827	0.798	0.003	7.579	5	5	--	--	0.038	--
 454	0.330	0.529	0.018	7.597	5	5	--	--	0.106	--
 455	0.706	0.418	0.006	7.603	5	5	--	--	0.145	--
 456	0.209	0.213	0.026	7.629	5	4	2	7.752	0.258	8.009
 457	0.439	0.809	0.014	7.643	5	5	--	--	0.035	--
 458	0.145	0.491	0.032	7.675	5	4	5	7.766	0.119	7.885
 459	0.492	0.300	0.012	7.687	5	5	--	--	0.201	--
 460	0.587	0.010	0.009	7.696	5	4	3	7.768	0.770	8.538
 461	0.800	0.856	0.004	7.700	5	5	--	--	0.026	--
 462	0.465	0.730	0.013	7.712	5	5	--	--	0.053	--
 463	0.676	0.348	0.007	7.719	5	5	--	--	0.176	--
 464	0.573	0.848	0.009	7.728	5	5	--	--	0.028	--
 465	0.341	0.568	0.018	7.746	5	3	4	7.797	0.094	7.891
 466	0.010	0.398	0.076	7.822	5	0	1	7.825	0.154	7.979
 467	0.531	0.498	0.011	7.833	5	0	5	7.885	0.116	8.001
 468	0.527	0.241	0.011	7.843	5	1	4	7.891	0.237	8.128
 469	0.942	0.937	0.001	7.844	5	2	1	7.979	0.011	7.990
 470	0.769	0.405	0.004	7.849	5	3	1	7.990	0.151	8.141
 471	0.733	0.861	0.005	7.854	5	4	5	8.001	0.025	8.026
 472	0.015	0.843	0.070	7.924	5	3	2	8.009	0.028	8.038
 473	0.619	0.548	0.008	7.932	5	4	5	8.026	0.100	8.126
 474	0.036	0.855	0.056	7.987	5	4	2	8.038	0.026	8.064
 475	0.851	0.029	0.003	7.990	5	5	--	--	0.590	--
 476	0.462	0.647	0.013	8.003	5	3	2	8.064	0.072	8.136
 477	0.202	0.603	0.027	8.029	5	2	5	8.126	0.084	8.210
 478	0.523	0.116	0.011	8.040	5	2	4	8.128	0.359	8.487
 479	0.648	0.507	0.007	8.047	5	3	2	8.136	0.113	8.250
 480	0.380	0.830	0.016	8.064	5	4	1	8.141	0.031	8.172
 481	0.263	0.004	0.022	8.086	5	4	1	8.172	0.918	9.090
 482	0.693	0.666	0.006	8.092	5	5	--	--	0.068	--
 483	0.712	0.785	0.006	8.098	5	5	--	--	0.040	--
 484	0.586	0.646	0.009	8.106	5	5	--	--	0.073	--
 485	0.089	0.308	0.040	8.147	5	1	5	8.210	0.196	8.406
 486	0.959	0.381	0.001	8.148	5	2	2	8.250	0.161	8.410
 487	0.468	0.101	0.013	8.160	5	3	5	8.406	0.382	8.789
 488	0.313	0.276	0.019	8.180	5	3	2	8.410	0.215	8.625
 489	0.978	0.801	0.000	8.180	5	4	4	8.487	0.037	8.524
 490	0.930	0.424	0.001	8.181	5	5	--	--	0.143	--
 491	0.074	0.409	0.043	8.225	5	4	4	8.524	0.149	8.673
 492	0.619	0.034	0.008	8.233	5	5	--	--	0.563	--
 493	0.640	0.496	0.007	8.240	5	5	--	--	0.117	--
 494	0.338	0.377	0.018	8.258	5	4	3	8.538	0.162	8.700
 495	0.267	0.598	0.022	8.280	5	5	--	--	0.086	--
 496	0.001	0.849	0.118	8.399	5	5	--	--	0.027	--
 497	0.974	0.326	0.000	8.399	5	5	--	--	0.187	--
 498	0.814	0.787	0.003	8.402	5	5	--	--	0.040	--
 499	0.657	0.482	0.007	8.409	5	4	2	8.625	0.122	8.747
 500	0.618	0.413	0.008	8.417	5	4	4	8.673	0.147	8.820
 501	0.023	0.318	0.063	8.480	4	4	2	8.747	0.191	8.938
 502	0.163	0.775	0.030	8.510	4	4	5	8.789	0.042	8.831
 503	0.526	0.599	0.011	8.521	4	5	--	--	0.086	--
 504	0.036	0.910	0.055	8.577	4	4	4	8.820	0.016	8.836
 505	0.369	0.022	0.017	8.593	4	5	--	--	0.639	--
 506	0.302	0.866	0.020	8.613	4	5	--	--	0.024	--
 507	0.642	0.344	0.007	8.620	4	5	--	--	0.178	--
 508	0.895	0.739	0.002	8.622	4	5	--	--	0.050	--
 509	0.757	0.985	0.005	8.627	4	4	5	8.831	0.003	8.834
 510	0.508	0.696	0.011	8.638	4	5	--	--	0.060	--
 511	0.138	0.477	0.033	8.671	4	5	--	--	0.123	--
 512	0.403	0.120	0.015	8.686	4	4	5	8.834	0.354	9.187
 513	0.230	0.548	0.024	8.711	4	5	--	--	0.100	--
 514	0.138	0.750	0.033	8.744	4	5	--	--	0.048	--
 515	0.977	0.529	0.000	8.744	4	5	--	--	0.106	--
 516	0.071	0.002	0.044	8.788	4	4	4	8.836	1.035	9.870
 517	0.558	0.740	0.010	8.798	4	4	2	8.938	0.050	8.988
 518	0.476	0.793	0.012	8.810	4	5	--	--	0.039	--
 519	0.034	0.136	0.057	8.867	4	1	2	8.988	0.332	9.320
 520	0.591	0.181	0.009	8.876	4	2	1	9.090	0.285	9.375
 521	0.231	0.565	0.024	8.900	4	3	5	9.187	0.095	9.283
 522	0.865	0.147	0.002	8.903	4	4	5	9.283	0.320	9.603
 523	0.327	0.841	0.019	8.921	4	5	--	--	0.029	--
 524	0.254	0.021	0.023	8.944	4	4	2	9.320	0.641	9.961
 525	0.815	0.451	0.003	8.948	4	5	--	--	0.133	--
 526	0.778	0.461	0.004	8.952	4	5	--	--	0.129	--
 527	0.438	0.385	0.014	8.965	4	5	--	--	0.159	--
 528	0.835	0.701	0.003	8.968	4	5	--	--	0.059	--
 529	0.937	0.146	0.001	8.970	4	5	--	--	0.320	--
 530	0.979	0.154	0.000	8.970	4	5	--	--	0.311	--
 531	0.636	0.033	0.008	8.977	4	5	--	--	0.566	--
 532	0.333	0.376	0.018	8.996	4	4	1	9.375	0.163	9.538
 533	0.687	0.842	0.006	9.002	4	5	--	--	0.029	--
 534	0.446	0.162	0.013	9.015	4	5	--	--	0.303	--
 535	0.750	0.944	0.005	9.020	4	5	--	--	0.010	--
 536	0.478	0.180	0.012	9.033	4	5	--	--	0.286	--
 537	0.717	0.812	0.006	9.038	4	5	--	--	0.035	--
 538	0.191	0.156	0.028	9.066	4	5	--	--	0.310	--
 539	0.319	0.136	0.019	9.085	4	5	--	--	0.332	--
 540	0.413	0.453	0.015	9.100	4	4	1	9.538	0.132	9.670
 541	0.822	0.332	0.003	9.103	4	5	--	--	0.184	--
 542	0.658	0.891	0.007	9.110	4	5	--	--	0.019	--
 543	0.043	0.072	0.053	9.162	4	5	--	--	0.437	--
 544	0.457	0.123	0.013	9.175	4	5	--	--	0.349	--
 545	0.276	0.187	0.021	9.197	4	4	5	9.603	0.279	9.882
 546	0.826	0.837	0.003	9.200	4	5	--	--	0.030	--
 547	0.078	0.391	0.043	9.243	4	5	--	--	0.156	--
 548	0.356	0.625	0.017	9.260	4	5	--	--	0.078	--
 549	0.711	0.514	0.006	9.266	4	5	--	--	0.111	--
 550	0.701	0.749	0.006	9.271	4	5	--	--	0.048	--
 551	0.195	0.824	0.027	9.299	4	4	1	9.670	0.032	9.702
 552	0.919	0.281	0.001	9.300	4	5	--	--	0.211	--
 553	0.818	0.292	0.003	9.303	4	5	--	--	0.205	--
 554	0.339	0.333	0.018	9.321	4	4	1	9.702	0.183	9.885
 555	0.345	0.820	0.018	9.339	4	5	--	--	0.033	--
 556	0.465	0.547	0.013	9.352	4	5	--	--	0.101	--
 557	0.654	0.247	0.007	9.359	4	5	--	--	0.233	--
 558	0.051	0.659	0.050	9.409	4	4	4	9.870	0.069	9.940
 559	0.647	0.924	0.007	9.416	4	5	--	--	0.013	--
 560	0.960	0.012	0.001	9.417	4	5	--	--	0.731	--
 561	0.829	0.448	0.003	9.420	4	5	--	--	0.134	--
 562	0.963	0.495	0.001	9.420	4	5	--	--	0.117	--
 563	0.348	0.416	0.018	9.438	4	5	--	--	0.146	--
 564	0.280	0.589	0.021	9.459	4	5	--	--	0.088	--
 565	0.362	0.386	0.017	9.476	4	5	--	--	0.159	--
 566	0.577	0.191	0.009	9.485	4	5	--	--	0.276	--
 567	0.774	0.275	0.004	9.490	4	5	--	--	0.215	--
 568	0.483	0.770	0.012	9.502	4	5	--	--	0.044	--
 569	0.487	0.813	0.012	9.514	4	5	--	--	0.035	--
 570	0.478	0.290	0.012	9.526	4	5	--	--	0.206	--
 571	0.802	0.961	0.004	9.530	4	5	--	--	0.007	--
 572	0.505	0.380	0.011	9.541	4	4	5	9.882	0.161	10.043
 573	0.180	0.121	0.029	9.570	4	5	--	--	0.351	--
 574	0.877	0.520	0.002	9.572	4	5	--	--	0.109	--
 575	0.895	0.084	0.002	9.574	4	5	--	--	0.413	--
 576	0.193	0.716	0.027	9.601	4	5	--	--	0.056	--
 577	0.702	0.544	0.006	9.607	4	4	1	9.885	0.101	9.987
 578	0.103	0.313	0.038	9.645	4	5	--	--	0.193	--
 579	0.224	0.463	0.025	9.670	4	4	4	9.940	0.128	10.068
 580	0.061	0.487	0.047	9.716	4	4	2	9.961	0.120	10.081
 581	0.931	0.959	0.001	9.718	4	5	--	--	0.007	--
 582	0.736	0.514	0.005	9.723	4	5	--	--	0.111	--
 583	0.901	0.618	0.002	9.724	4	5	--	--	0.080	--
 584	0.706	0.461	0.006	9.730	4	5	--	--	0.129	--
 585	0.767	0.580	0.004	9.735	4	5	--	--	0.091	--
 586	0.517	0.439	0.011	9.746	4	5	--	--	0.137	--
 587	0.876	0.229	0.002	9.748	4	5	--	--	0.246	--
 588	0.257	0.218	0.023	9.771	4	5	--	--	0.254	--
 589	0.390	0.313	0.016	9.786	4	5	--	--	0.194	--
 590	0.701	0.933	0.006	9.792	4	5	--	--	0.012	--
 591	0.504	0.582	0.011	9.804	4	5	--	--	0.090	--
 592	0.789	0.926	0.004	9.808	4	5	--	--	0.013	--
 593	0.653	0.054	0.007	9.815	4	5	--	--	0.485	--
 594	0.004	0.586	0.093	9.908	4	2	1	9.987	0.089	10.076
 595	0.332	0.551	0.018	9.926	4	3	5	10.043	0.099	10.143
 596	0.095	0.541	0.039	9.965	4	2	4	10.068	0.102	10.171
 597	0.386	0.729	0.016	9.981	4	3	1	10.076	0.053	10.128
 598	0.798	0.766	0.004	9.985	4	4	2	10.081	0.044	10.125
 599	0.124	0.123	0.035	10.020	4	4	2	10.125	0.349	10.474
 600	0.724	0.330	0.005	10.025	4	5	--	--	0.185	--
 601	0.911	0.327	0.002	10.027	4	5	--	--	0.186	--
 602	0.722	0.615	0.005	10.032	4	5	--	--	0.081	--
 603	0.668	0.025	0.007	10.039	4	5	--	--	0.614	--
 604	0.694	0.141	0.006	10.045	4	4	1	10.128	0.326	10.454
 605	0.518	0.735	0.011	10.056	4	5	--	--	0.051	--
 606	0.354	0.686	0.017	10.073	4	4	5	10.143	0.063	10.205
 607	0.386	0.459	0.016	10.089	4	3	4	10.171	0.130	10.301
 608	0.791	0.306	0.004	10.093	4	4	5	10.205	0.197	10.403
 609	0.214	0.646	0.026	10.119	4	5	--	--	0.073	--
 610	0.098	0.346	0.039	10.157	4	2	4	10.301	0.177	10.478
 611	0.280	0.492	0.021	10.179	4	2	5	10.403	0.118	10.521
 612	0.841	0.596	0.003	10.182	4	3	1	10.454	0.086	10.541
 613	0.507	0.310	0.011	10.193	4	4	2	10.474	0.195	10.669
 614	0.961	0.634	0.001	10.194	4	5	--	--	0.076	--
 615	0.253	0.131	0.023	10.216	4	4	4	10.478	0.339	10.816
 616	0.890	0.135	0.002	10.218	4	5	--	--	0.333	--
 617	0.512	0.434	0.011	10.230	4	5	--	--	0.139	--
 618	0.348	0.703	0.018	10.247	4	5	--	--	0.059	--
 619	0.323	0.603	0.019	10.266	4	5	--	--	0.084	--
 620	0.668	0.671	0.007	10.273	4	5	--	--	0.066	--
 621	0.166	0.984	0.030	10.303	4	4	5	10.521	0.003	10.524
 622	0.558	0.523	0.010	10.312	4	5	--	--	0.108	--
 623	0.777	0.887	0.004	10.317	4	5	--	--	0.020	--
 624	0.271	0.115	0.022	10.338	4	5	--	--	0.361	--
 625	0.819	0.197	0.003	10.342	4	5	--	--	0.271	--
 626	0.119	0.985	0.035	10.377	4	5	--	--	0.002	--
 627	0.779	0.013	0.004	10.381	4	5	--	--	0.718	--
 628	0.449	0.752	0.013	10.395	4	5	--	--	0.047	--
 629	0.001	0.561	0.120	10.514	4	1	5	10.524	0.096	10.620
 630	0.631	0.074	0.008	10.522	4	1	1	10.541	0.434	10.974
 631	0.481	0.180	0.012	10.534	4	1	5	10.620	0.286	10.906
 632	0.405	0.042	0.015	10.549	4	1	2	10.669	0.527	11.196
 633	0.625	0.060	0.008	10.557	4	2	4	10.816	0.469	11.285
 634	0.261	0.260	0.022	10.579	4	3	5	10.906	0.224	11.130
 635	0.150	0.196	0.032	10.611	4	4	1	10.974	0.272	11.246
 636	0.531	0.392	0.011	10.622	4	4	5	11.130	0.156	11.286
 637	0.430	0.463	0.014	10.636	4	5	--	--	0.128	--
 638	0.555	0.769	0.010	10.645	4	5	--	--	0.044	--
 639	0.360	0.301	0.017	10.662	4	5	--	--	0.200	--
 640	0.964	0.832	0.001	10.663	4	5	--	--	0.031	--
 641	0.927	0.926	0.001	10.664	4	5	--	--	0.013	--
 642	0.721	0.884	0.005	10.670	4	4	2	11.196	0.021	11.217
 643	0.769	0.884	0.004	10.674	4	5	--	--	0.021	--
 644	0.381	0.986	0.016	10.690	4	5	--	--	0.002	--
 645	0.634	0.708	0.008	10.698	4	5	--	--	0.058	--
 646	0.042	0.936	0.053	10.751	4	5	--	--	0.011	--
 647	0.512	0.130	0.011	10.762	4	5	--	--	0.339	--
 648	0.940	0.251	0.001	10.763	4	5	--	--	0.231	--
 649	0.893	0.263	0.002	10.765	4	5	--	--	0.223	--
 650	0.563	0.144	0.010	10.775	4	5	--	--	0.323	--
 651	0.748	0.138	0.005	10.779	4	5	--	--	0.330	--
 652	0.764	0.577	0.004	10.784	4	5	--	--	0.092	--
 653	0.027	0.504	0.060	10.844	4	4	2	11.217	0.114	11.331
 654	0.729	0.953	0.005	10.849	4	5	--	--	0.008	--
 655	0.390	0.519	0.016	10.865	4	5	--	--	0.109	--
 656	0.883	0.783	0.002	10.867	4	5	--	--	0.041	--
 657	0.146	0.513	0.032	10.899	4	5	--	--	0.111	--
 658	0.109	0.031	0.037	10.936	4	4	1	11.246	0.577	11.823
 659	0.542	0.037	0.010	10.946	4	5	--	--	0.550	--
 660	0.041	0.776	0.053	10.999	4	4	4	11.285	0.042	11.327
 661	0.355	0.474	0.017	11.017	4	5	--	--	0.124	--
 662	0.882	0.584	0.002	11.019	4	5	--	--	0.090	--
 663	0.684	0.291	0.006	11.025	4	5	--	--	0.206	--
 664	0.262	0.618	0.022	11.047	4	5	--	--	0.080	--
 665	0.672	0.127	0.007	11.054	4	5	--	--	0.344	--
 666	0.216	0.134	0.026	11.080	4	5	--	--	0.335	--
 667	0.136	0.994	0.033	11.113	4	5	--	--	0.001	--
 668	0.598	0.816	0.009	11.121	4	5	--	--	0.034	--
 669	0.417	0.500	0.015	11.136	4	4	5	11.286	0.116	11.402
 670	0.230	0.433	0.024	11.161	4	5	--	--	0.139	--
 671	0.820	0.870	0.003	11.164	4	5	--	--	0.023	--
 672	0.954	0.764	0.001	11.165	4	5	--	--	0.045	--
 673	0.360	0.225	0.017	11.182	4	5	--	--	0.248	--
 674	0.662	0.656	0.007	11.189	4	5	--	--	0.070	--
 675	0.868	0.699	0.002	11.191	4	5	--	--	0.060	--
 676	0.396	0.727	0.015	11.206	4	4	4	11.327	0.053	11.381
 677	0.416	0.200	0.015	11.221	4	4	2	11.331	0.269	11.600
 678	0.921	0.528	0.001	11.222	4	5	--	--	0.106	--
 679	0.094	0.540	0.039	11.262	4	4	4	11.381	0.103	11.483
 680	0.858	0.285	0.003	11.264	4	5	--	--	0.209	--
 681	0.156	0.885	0.031	11.295	4	3	5	11.402	0.020	11.422
 682	0.671	0.561	0.007	11.302	4	4	5	11.422	0.096	11.519
 683	0.869	0.682	0.002	11.304	4	5	--	--	0.064	--
 684	0.644	0.636	0.007	11.311	4	5	--	--	0.075	--
 685	0.928	0.022	0.001	11.313	4	5	--	--	0.638	--
 686	0.604	0.026	0.008	11.321	4	5	--	--	0.611	--
 687	0.424	0.318	0.014	11.335	4	3	4	11.483	0.191	11.674
 688	0.634	0.666	0.008	11.343	4	4	5	11.519	0.068	11.587
 689	0.854	0.045	0.003	11.346	4	5	--	--	0.518	--
 690	0.556	0.845	0.010	11.355	4	5	--	--	0.028	--
 691	0.124	0.510	0.035	11.390	4	4	5	11.587	0.112	11.699
 692	0.603	0.195	0.008	11.399	4	5	--	--	0.273	--
 693	0.503	0.970	0.011	11.410	4	4	2	11.600	0.005	11.605
 694	0.634	0.044	0.008	11.418	4	5	--	--	0.519	--
 695	0.727	0.457	0.005	11.423	4	4	2	11.605	0.130	11.735
 696	0.562	0.300	0.010	11.433	4	5	--	--	0.201	--
 697	0.502	0.046	0.011	11.444	4	5	--	--	0.512	--
 698	0.489	0.927	0.012	11.456	4	5	--	--	0.013	--
 699	0.171	0.598	0.029	11.485	4	4	4	11.674	0.086	11.760
 700	0.512	0.129	0.011	11.497	4	5	--	--	0.341	--
 701	0.884	0.949	0.002	11.499	4	5	--	--	0.009	--
 702	0.410	0.623	0.015	11.514	4	5	--	--	0.079	--
 703	0.924	0.584	0.001	11.515	4	5	--	--	0.090	--
 704	0.537	0.102	0.010	11.525	4	4	5	11.699	0.380	12.079
 705	0.439	0.790	0.014	11.539	4	5	--	--	0.039	--
 706	0.393	0.173	0.016	11.555	4	5	--	--	0.292	--
 707	0.412	0.654	0.015	11.569	4	5	--	--	0.071	--
 708	0.634	0.915	0.008	11.577	4	5	--	--	0.015	--
 709	0.859	0.738	0.003	11.579	4	5	--	--	0.051	--
 710	0.826	0.802	0.003	11.583	4	5	--	--	0.037	--
 711	0.573	0.441	0.009	11.592	4	4	2	11.735	0.136	11.872
 712	0.177	0.247	0.029	11.621	4	3	4	11.760	0.233	11.993
 713	0.954	0.521	0.001	11.622	4	4	1	11.823	0.109	11.932
 714	0.966	0.536	0.001	11.622	4	5	--	--	0.104	--
 715	0.057	0.742	0.048	11.670	4	5	--	--	0.050	--
 716	0.439	0.579	0.014	11.684	4	4	2	11.872	0.091	11.963
 717	0.728	0.591	0.005	11.689	4	5	--	--	0.088	--
 718	0.854	0.827	0.003	11.691	4	5	--	--	0.032	--
 719	0.115	0.276	0.036	11.728	4	4	1	11.932	0.214	12.146
 720	0.063	0.031	0.046	11.774	4	3	2	11.963	0.579	12.542
 721	0.574	0.242	0.009	11.783	4	4	4	11.993	0.236	12.230
 722	0.822	0.327	0.003	11.786	4	5	--	--	0.186	--
 723	0.689	0.978	0.006	11.792	4	5	--	--	0.004	--
 724	0.899	0.623	0.002	11.794	4	5	--	--	0.079	--
 725	0.407	0.454	0.015	11.809	4	5	--	--	0.132	--
 726	0.255	0.486	0.023	11.832	4	4	5	12.079	0.120	12.199
 727	0.760	0.839	0.005	11.836	4	5	--	--	0.029	--
 728	0.103	0.864	0.038	11.874	4	4	1	12.146	0.024	12.171
 729	0.971	0.745	0.000	11.875	4	5	--	--	0.049	--
 730	0.761	0.112	0.005	11.879	4	5	--	--	0.364	--
 731	0.458	0.842	0.013	11.892	4	5	--	--	0.029	--
 732	0.916	0.080	0.001	11.894	4	5	--	--	0.421	--
 733	0.145	0.817	0.032	11.926	4	5	--	--	0.034	--
 734	0.406	0.565	0.015	11.941	4	4	1	12.171	0.095	12.266
 735	0.987	0.013	0.000	11.941	4	5	--	--	0.726	--
 736	0.019	0.381	0.066	12.008	4	3	5	12.199	0.161	12.360
 737	0.497	0.272	0.012	12.019	4	4	4	12.230	0.217	12.447
 738	0.167	0.729	0.030	12.049	4	5	--	--	0.053	--
 739	0.891	0.122	0.002	12.051	4	5	--	--	0.350	--
 740	0.873	0.682	0.002	12.053	4	5	--	--	0.064	--
 741	0.877	0.184	0.002	12.055	4	5	--	--	0.282	--
 742	0.262	0.427	0.022	12.078	4	5	--	--	0.142	--
 743	0.676	0.069	0.007	12.084	4	4	1	12.266	0.445	12.711
 744	0.960	0.677	0.001	12.085	4	5	--	--	0.065	--
 745	0.346	0.802	0.018	12.103	4	5	--	--	0.037	--
 746	0.520	0.431	0.011	12.114	4	5	--	--	0.140	--
 747	0.343	0.480	0.018	12.131	4	5	--	--	0.122	--
 748	0.310	0.169	0.020	12.151	4	4	5	12.360	0.297	12.656
 749	0.192	0.174	0.027	12.178	4	4	4	12.447	0.292	12.738
 750	0.432	0.723	0.014	12.192	4	5	--	--	0.054	--
 751	0.856	0.546	0.003	12.195	4	5	--	--	0.101	--
 752	0.243	0.676	0.024	12.219	4	4	2	12.542	0.065	12.607
 753	0.342	0.961	0.018	12.236	4	4	2	12.607	0.007	12.614
 754	0.050	0.162	0.050	12.286	4	4	2	12.614	0.304	12.917
 755	0.056	0.642	0.048	12.334	4	5	--	--	0.074	--
 756	0.722	0.707	0.005	12.340	4	5	--	--	0.058	--
 757	0.933	0.240	0.001	12.341	4	5	--	--	0.238	--
 758	0.392	0.221	0.016	12.357	4	5	--	--	0.252	--
 759	0.091	0.749	0.040	12.396	4	4	5	12.656	0.048	12.705
 760	0.214	0.616	0.026	12.422	4	5	--	--	0.081	--
 761	0.340	0.555	0.018	12.440	4	5	--	--	0.098	--
 762	0.499	0.942	0.012	12.452	4	4	5	12.705	0.010	12.715
 763	0.853	0.216	0.003	12.454	4	5	--	--	0.255	--
 764	0.489	0.446	0.012	12.466	4	5	--	--	0.135	--
 765	0.419	0.018	0.015	12.481	4	5	--	--	0.667	--
 766	0.812	0.765	0.003	12.484	4	5	--	--	0.045	--
 767	0.481	0.887	0.012	12.497	4	5	--	--	0.020	--
 768	0.236	0.662	0.024	12.521	4	5	--	--	0.069	--
 769	0.271	0.731	0.022	12.542	4	4	1	12.711	0.052	12.763
 770	0.018	0.396	0.067	12.609	4	4	5	12.715	0.155	12.869
 771	0.452	0.134	0.013	12.622	4	4	4	12.738	0.335	13.074
 772	0.924	0.189	0.001	12.624	4	5	--	--	0.277	--
 773	0.293	0.302	0.020	12.644	4	5	--	--	0.199	--
 774	0.019	0.357	0.066	12.711	4	3	1	12.763	0.172	12.935
 775	0.288	0.818	0.021	12.731	4	2	5	12.869	0.034	12.903
 776	0.802	0.647	0.004	12.735	4	3	5	12.903	0.073	12.975
 777	0.797	0.763	0.004	12.739	4	3	2	12.917	0.045	12.962
 778	0.189	0.391	0.028	12.767	4	3	1	12.935	0.156	13.091
 779	0.413	0.715	0.015	12.781	4	4	2	12.962	0.056	13.018
 780	0.449	0.200	0.013	12.795	4	5	--	--	0.268	--
 781	0.994	0.637	0.000	12.795	4	5	--	--	0.075	--
 782	0.572	0.362	0.009	12.804	4	5	--	--	0.169	--
 783	0.195	0.433	0.027	12.831	4	5	--	--	0.139	--
 784	0.777	0.930	0.004	12.835	4	5	--	--	0.012	--
 785	0.597	0.463	0.009	12.844	4	5	--	--	0.128	--
 786	0.166	0.812	0.030	12.874	4	4	5	12.975	0.035	13.010
 787	0.699	0.360	0.006	12.880	4	5	--	--	0.170	--
 788	0.898	0.123	0.002	12.882	4	5	--	--	0.349	--
 789	0.856	0.546	0.003	12.884	4	5	--	--	0.101	--
 790	0.973	0.842	0.000	12.885	4	5	--	--	0.029	--
 791	0.183	0.660	0.028	12.913	4	4	5	13.010	0.069	13.079
 792	0.756	0.392	0.005	12.918	4	4	2	13.018	0.156	13.174
 793	0.278	0.214	0.021	12.939	4	4	4	13.074	0.257	13.330
 794	0.946	0.451	0.001	12.940	4	5	--	--	0.133	--
 795	0.870	0.868	0.002	12.942	4	5	--	--	0.024	--
 796	0.938	0.037	0.001	12.943	4	5	--	--	0.551	--
 797	0.830	0.374	0.003	12.946	4	5	--	--	0.164	--
 798	0.502	0.012	0.011	12.958	4	5	--	--	0.733	--
 799	0.031	0.091	0.058	13.016	4	2	5	13.079	0.399	13.478
 800	0.557	0.542	0.010	13.026	4	2	1	13.091	0.102	13.193
 801	0.907	0.631	0.002	13.027	4	3	2	13.174	0.077	13.251
 802	0.763	0.028	0.005	13.032	4	4	1	13.193	0.593	13.786
 803	0.898	0.374	0.002	13.034	4	5	--	--	0.164	--
 804	0.627	0.629	0.008	13.041	4	5	--	--	0.077	--
 805	0.831	0.765	0.003	13.044	4	5	--	--	0.045	--
 806	0.166	0.825	0.030	13.074	4	4	2	13.251	0.032	13.283
 807	0.451	0.236	0.013	13.088	4	4	2	13.283	0.241	13.524
 808	0.830	0.759	0.003	13.091	4	5	--	--	0.046	--
 809	0.178	0.845	0.029	13.120	4	4	4	13.330	0.028	13.358
 810	0.609	0.340	0.008	13.128	4	5	--	--	0.180	--
 811	0.609	0.921	0.008	13.136	4	5	--	--	0.014	--
 812	0.081	0.499	0.042	13.178	4	4	4	13.358	0.116	13.474
 813	0.711	0.755	0.006	13.184	4	5	--	--	0.047	--
 814	0.787	0.672	0.004	13.188	4	5	--	--	0.066	--
 815	0.840	0.402	0.003	13.191	4	5	--	--	0.152	--
 816	0.798	0.655	0.004	13.194	4	4	4	13.474	0.071	13.545
 817	0.189	0.417	0.028	13.222	4	5	--	--	0.146	--
 818	0.876	0.524	0.002	13.224	4	5	--	--	0.108	--
 819	0.750	0.646	0.005	13.229	4	5	--	--	0.073	--
 820	0.283	0.580	0.021	13.250	4	5	--	--	0.091	--
 821	0.856	0.498	0.003	13.253	4	4	5	13.478	0.116	13.595
 822	0.210	0.223	0.026	13.279	4	5	--	--	0.250	--
 823	0.655	0.199	0.007	13.286	4	4	2	13.524	0.269	13.794
 824	0.121	0.562	0.035	13.321	4	5	--	--	0.096	--
 825	0.859	0.869	0.003	13.324	4	5	--	--	0.023	--
 826	0.129	0.454	0.034	13.358	4	4	4	13.545	0.132	13.676
 827	0.680	0.599	0.006	13.364	4	4	5	13.595	0.085	13.680
 828	0.004	0.694	0.093	13.457	4	5	--	--	0.061	--
 829	0.411	0.611	0.015	13.472	4	5	--	--	0.082	--
 830	0.630	0.376	0.008	13.479	4	3	4	13.676	0.163	13.840
 831	0.422	0.666	0.014	13.494	4	4	5	13.680	0.068	13.748
 832	0.882	0.146	0.002	13.496	4	5	--	--	0.320	--
 833	0.957	0.844	0.001	13.497	4	5	--	--	0.028	--
 834	0.998	0.263	0.000	13.497	4	5	--	--	0.222	--
 835	0.687	0.186	0.006	13.503	4	5	--	--	0.281	--
 836	0.854	0.225	0.003	13.505	4	5	--	--	0.248	--
 837	0.126	0.151	0.035	13.540	4	4	5	13.748	0.315	14.063
 838	0.053	0.345	0.049	13.589	4	4	1	13.786	0.177	13.964
 839	0.363	0.028	0.017	13.606	4	4	2	13.794	0.597	14.390
 840	0.700	0.148	0.006	13.612	4	5	--	--	0.319	--
 841	0.767	0.897	0.004	13.616	4	5	--	--	0.018	--
 842	0.196	0.985	0.027	13.643	4	5	--	--	0.003	--
 843	0.928	0.230	0.001	13.645	4	5	--	--	0.245	--
 844	0.460	0.921	0.013	13.658	4	5	--	--	0.014	--
 845	0.827	0.207	0.003	13.661	4	5	--	--	0.262	--
 846	0.876	0.864	0.002	13.663	4	5	--	--	0.024	--
 847	0.650	0.070	0.007	13.670	4	5	--	--	0.442	--
 848	0.972	0.241	0.000	13.671	4	5	--	--	0.237	--
 849	0.372	0.897	0.016	13.687	4	3	4	13.840	0.018	13.858
 850	0.668	0.324	0.007	13.694	4	4	4	13.858	0.188	14.046
 851	0.995	0.670	0.000	13.694	4	5	--	--	0.067	--
 852	0.766	0.817	0.004	13.698	4	5	--	--	0.034	--
 853	0.518	0.127	0.011	13.709	4	5	--	--	0.344	--
 854	0.594	0.519	0.009	13.718	4	5	--	--	0.109	--
 855	0.282	0.148	0.021	13.739	4	5	--	--	0.318	--
 856	0.232	0.024	0.024	13.763	4	4	1	13.964	0.624	14.587
 857	0.564	0.068	0.010	13.773	4	5	--	--	0.447	--
 858	0.857	0.549	0.003	13.776	4	5	--	--	0.100	--
 859	0.110	0.870	0.037	13.812	4	3	4	14.046	0.023	14.069
 860	0.456	0.290	0.013	13.826	4	4	5	14.063	0.206	14.269
 861	0.099	0.363	0.039	13.864	4	3	4	14.069	0.169	14.238
 862	0.635	0.207	0.008	13.872	4	4	4	14.238	0.263	14.501
 863	0.593	0.810	0.009	13.880	4	5	--	--	0.035	--
 864	0.641	0.132	0.007	13.888	4	5	--	--	0.337	--
 865	0.376	0.648	0.016	13.904	4	5	--	--	0.072	--
 866	0.101	0.517	0.038	13.942	4	5	--	--	0.110	--
 867	0.936	0.566	0.001	13.943	4	5	--	--	0.095	--
 868	0.510	0.233	0.011	13.955	4	5	--	--	0.243	--
 869	0.716	0.945	0.006	13.960	4	5	--	--	0.009	--
 870	0.314	0.715	0.019	13.980	4	4	5	14.269	0.056	14.325
 871	0.377	0.056	0.016	13.996	4	5	--	--	0.479	--
 872	0.602	0.478	0.008	14.004	4	5	--	--	0.123	--
 873	0.247	0.172	0.023	14.028	4	5	--	--	0.294	--
 874	0.149	0.813	0.032	14.059	4	4	5	14.325	0.035	14.359
 875	0.025	0.429	0.061	14.121	4	3	5	14.359	0.141	14.500
 876	0.874	0.354	0.002	14.123	4	4	2	14.390	0.173	14.563
 877	0.735	0.580	0.005	14.128	4	5	--	--	0.091	--
 878	0.914	0.430	0.002	14.129	4	5	--	--	0.141	--
 879	0.643	0.215	0.007	14.137	4	5	--	--	0.256	--
 880	0.495	0.612	0.012	14.149	4	5	--	--	0.082	--
 881	0.806	0.383	0.004	14.152	4	5	--	--	0.160	--
 882	0.810	0.019	0.004	14.156	4	5	--	--	0.659	--
 883	0.878	0.258	0.002	14.158	4	5	--	--	0.226	--
 884	0.265	0.605	0.022	14.180	4	5	--	--	0.084	--
 885	0.336	0.371	0.018	14.198	4	5	--	--	0.165	--
 886	0.897	0.169	0.002	14.200	4	5	--	--	0.297	--
 887	0.997	0.448	0.000	14.200	4	5	--	--	0.134	--
 888	0.543	0.209	0.010	14.210	4	5	--	--	0.261	--
 889	0.280	0.771	0.021	14.231	4	5	--	--	0.043	--
 890	0.718	0.114	0.006	14.237	4	5	--	--	0.361	--
 891	0.641	0.796	0.007	14.244	4	4	5	14.500	0.038	14.538
 892	0.097	0.729	0.039	14.283	4	4	4	14.501	0.053	14.553
 893	0.738	0.167	0.005	14.288	4	5	--	--	0.298	--
 894	0.234	0.137	0.024	14.312	4	5	--	--	0.331	--
 895	0.640	0.876	0.007	14.320	4	5	--	--	0.022	--
 896	0.797	0.689	0.004	14.324	4	5	--	--	0.062	--
 897	0.529	0.727	0.011	14.334	4	4	5	14.538	0.053	14.592
 898	0.231	0.989	0.024	14.359	4	5	--	--	0.002	--
 899	0.417	0.170	0.015	14.373	4	4	4	14.553	0.295	14.848
 900	0.528	0.939	0.011	14.384	4	5	--	--	0.010	--
 901	0.048	0.537	0.051	14.435	4	4	2	14.563	0.103	14.667
 902	0.860	0.011	0.003	14.437	4	5	--	--	0.756	--
 903	0.002	0.339	0.100	14.537	4	3	1	14.587	0.180	14.768
 904	0.256	0.947	0.023	14.560	4	2	5	14.592	0.009	14.601
 905	0.709	0.331	0.006	14.566	4	2	5	14.601	0.184	14.785
 906	0.448	0.093	0.013	14.579	4	3	2	14.667	0.397	15.063
 907	0.212	0.962	0.026	14.605	4	1	1	14.768	0.006	14.774
 908	0.638	0.719	0.007	14.612	4	2	1	14.774	0.055	14.829
 909	0.731	0.365	0.005	14.617	4	3	5	14.785	0.168	14.953
 910	0.260	0.141	0.022	14.640	4	4	1	14.829	0.327	15.156
 911	0.995	0.768	0.000	14.640	4	5	--	--	0.044	--
 912	0.095	0.222	0.039	14.679	4	4	4	14.848	0.251	15.099
 913	0.558	0.764	0.010	14.689	4	5	--	--	0.045	--
 914	0.352	0.200	0.017	14.706	4	5	--	--	0.268	--
 915	0.500	0.893	0.012	14.718	4	5	--	--	0.019	--
 916	0.732	0.745	0.005	14.723	4	5	--	--	0.049	--
 917	0.707	0.073	0.006	14.729	4	5	--	--	0.435	--
 918	0.173	0.888	0.029	14.758	4	5	--	--	0.020	--
 919	0.888	0.194	0.002	14.760	4	5	--	--	0.273	--
 920	0.039	0.081	0.054	14.814	4	2	5	14.953	0.419	15.372
 921	0.299	0.340	0.020	14.834	4	2	2	15.063	0.180	15.243
 922	0.083	0.309	0.041	14.876	4	2	4	15.099	0.196	15.295
 923	0.412	0.148	0.015	14.890	4	3	1	15.156	0.318	15.474
 924	0.761	0.944	0.005	14.895	4	4	2	15.243	0.010	15.253
 925	0.078	0.471	0.042	14.937	4	5	--	--	0.126	--
 926	0.426	0.080	0.014	14.952	4	5	--	--	0.420	--
 927	0.816	0.375	0.003	14.955	4	4	2	15.253	0.163	15.416
 928	0.844	0.537	0.003	14.958	4	5	--	--	0.104	--
 929	0.185	0.169	0.028	14.986	4	5	--	--	0.296	--
 930	0.331	0.659	0.018	15.004	4	5	--	--	0.070	--
 931	0.556	0.309	0.010	15.014	4	5	--	--	0.196	--
 932	0.876	0.660	0.002	15.016	4	5	--	--	0.069	--
 933	0.473	0.226	0.012	15.029	4	5	--	--	0.248	--
 934	0.888	0.592	0.002	15.031	4	5	--	--	0.087	--
 935	0.907	0.050	0.002	15.033	4	5	--	--	0.500	--
 936	0.912	0.282	0.002	15.034	4	5	--	--	0.211	--
 937	0.650	0.440	0.007	15.041	4	5	--	--	0.137	--
 938	0.854	0.874	0.003	15.044	4	5	--	--	0.022	--
 939	0.455	0.928	0.013	15.057	4	5	--	--	0.012	--
 940	0.104	0.964	0.038	15.095	4	4	4	15.295	0.006	15.301
 941	0.017	0.963	0.068	15.162	4	3	4	15.301	0.006	15.308
 942	0.555	0.052	0.010	15.172	4	4	4	15.308	0.493	15.800
 943	0.034	0.817	0.056	15.228	4	5	--	--	0.034	--
 944	0.031	0.057	0.058	15.286	4	3	5	15.372	0.478	15.850
 945	0.100	0.331	0.038	15.324	4	1	2	15.416	0.184	15.601
 946	0.126	0.236	0.035	15.359	4	2	1	15.474	0.241	15.715
 947	0.616	0.715	0.008	15.367	4	3	2	15.601	0.056	15.657
 948	0.147	0.072	0.032	15.399	4	3	2	15.657	0.438	16.094
 949	0.937	0.985	0.001	15.400	4	4	1	15.715	0.002	15.718
 950	0.758	0.678	0.005	15.405	4	5	--	--	0.065	--
 951	0.198	0.639	0.027	15.432	4	4	1	15.718	0.075	15.792
 952	0.238	0.132	0.024	15.456	4	5	--	--	0.338	--
 953	0.323	0.546	0.019	15.474	4	5	--	--	0.101	--
 954	0.103	0.073	0.038	15.512	4	4	1	15.792	0.436	16.228
 955	0.220	0.355	0.025	15.537	4	5	--	--	0.173	--
 956	0.310	0.902	0.020	15.557	4	5	--	--	0.017	--
 957	0.777	0.625	0.004	15.561	4	5	--	--	0.078	--
 958	0.491	0.231	0.012	15.573	4	5	--	--	0.244	--
 959	0.528	0.973	0.011	15.584	4	5	--	--	0.005	--
 960	0.805	0.926	0.004	15.587	4	5	--	--	0.013	--
 961	0.520	0.473	0.011	15.598	4	5	--	--	0.125	--
 962	0.120	0.287	0.035	15.633	4	4	4	15.800	0.208	16.009
 963	0.439	0.949	0.014	15.647	4	5	--	--	0.009	--
 964	0.549	0.746	0.010	15.657	4	4	5	15.850	0.049	15.899
 965	0.248	0.213	0.023	15.680	4	5	--	--	0.258	--
 966	0.872	0.098	0.002	15.683	4	5	--	--	0.388	--
 967	0.912	0.519	0.002	15.684	4	5	--	--	0.109	--
 968	0.353	0.743	0.017	15.701	4	5	--	--	0.050	--
 969	0.970	0.973	0.001	15.702	4	5	--	--	0.005	--
 970	0.909	0.989	0.002	15.704	4	5	--	--	0.002	--
 971	0.378	0.084	0.016	15.720	4	3	5	15.899	0.413	16.312
 972	0.650	0.072	0.007	15.727	4	4	4	16.009	0.438	16.447
 973	0.705	0.676	0.006	15.733	4	5	--	--	0.065	--
 974	0.720	0.498	0.005	15.738	4	5	--	--	0.116	--
 975	0.249	0.606	0.023	15.761	4	5	--	--	0.083	--
 976	0.094	0.633	0.039	15.801	4	3	2	16.094	0.076	16.171
 977	0.312	0.784	0.019	15.820	4	4	2	16.171	0.041	16.211
 978	0.745	0.278	0.005	15.825	4	5	--	--	0.213	--
 979	0.639	0.517	0.007	15.833	4	5	--	--	0.110	--
 980	0.524	0.450	0.011	15.843	4	5	--	--	0.133	--
 981	0.237	0.763	0.024	15.867	4	4	2	16.211	0.045	16.256
 982	0.268	0.818	0.022	15.889	4	5	--	--	0.033	--
 983	0.330	0.191	0.018	15.908	4	4	1	16.228	0.276	16.504
 984	0.188	0.386	0.028	15.936	4	5	--	--	0.158	--
 985	0.456	0.563	0.013	15.949	4	5	--	--	0.096	--
 986	0.712	0.129	0.006	15.954	4	5	--	--	0.341	--
 987	0.515	0.500	0.011	15.966	4	5	--	--	0.115	--
 988	0.642	0.601	0.007	15.973	4	5	--	--	0.085	--
 989	0.395	0.889	0.015	15.988	4	5	--	--	0.020	--
 990	0.993	0.065	0.000	15.989	4	5	--	--	0.456	--
 991	0.343	0.491	0.018	16.006	4	5	--	--	0.119	--
 992	0.237	0.639	0.024	16.030	4	4	2	16.256	0.075	16.331
 993	0.118	0.540	0.036	16.066	4	5	--	--	0.103	--
 994	0.103	0.415	0.038	16.104	4	4	5	16.312	0.147	16.458
 995	0.806	0.715	0.004	16.107	4	5	--	--	0.056	--
 996	0.578	0.577	0.009	16.117	4	5	--	--	0.092	--
 997	0.540	0.609	0.010	16.127	4	5	--	--	0.083	--
 998	0.569	0.450	0.009	16.136	4	5	--	--	0.133	--
 999	0.997	0.233	0.000	16.136	4	5	--	--	0.243	--
 1000	0.894	0.118	0.002	16.138	4	5	--	--	0.356	--
